-0.15686874091625214
0.06714533269405365
0.06526138633489609
-0.04252230003476143
-0.09180373698472977
-0.0354899987578392
-0.09540887176990509
-0.10454781353473663
0.1396816521883011
-0.15917356312274933
0.1886635720729828
-0.02133755013346672
-0.21541669964790344
-0.04662775620818138
-0.016752857714891434
0.2098846137523651
-0.1512330174446106
-0.1383400410413742
-0.010224666446447372
0.0215434767305851
0.016954805701971054
-0.058862410485744476
-0.000257493753451854
0.08887306600809097
-0.06678509712219238
-0.29671481251716614
-0.0629587471485138
-0.06020116060972214
-0.058083463460206985
-0.02018112875521183
-0.1531759798526764
-0.015232794918119907
-0.1781158149242401
-0.05538979917764664
0.07800688594579697
0.11849210411310196
-0.0038161948323249817
-0.01612621173262596
0.20993760228157043
0.002717282623052597
-0.25049126148223877
0.011464191600680351
0.0327422060072422
0.2269134223461151
0.195033460855484
0.07774528115987778
-0.00931829959154129
-0.1716027408838272
0.18692129850387573
-0.2110554277896881
0.04538540542125702
0.14854107797145844
0.116353340446949
0.00594974122941494
-0.044246457517147064
-0.21317602694034576
0.009077233262360096
0.1245710477232933
-0.11508302390575409
0.004855453968048096
0.053208719938993454
-0.10829809308052063
-0.023159874603152275
-0.0930175706744194
0.30710500478744507
0.12443076819181442
-0.1534034162759781
-0.1845165640115738
0.14779061079025269
-0.12407215684652328
-0.017557566985487938
0.04076460748910904
-0.1576712727546692
-0.20265136659145355
-0.2585705518722534
0.003671957179903984
0.3574047386646271
0.11292080581188202
-0.21168455481529236
0.04062594473361969
-0.13381530344486237
0.0011426908895373344
0.07125231623649597
0.20168419182300568
0.00236658938229084
0.023502178490161896
-0.030812818557024002
-0.07745402306318283
0.24910752475261688
-0.07771638035774231
0.03372982144355774
0.1938866823911667
0.0058129290118813515
0.09218057245016098
-0.004307723604142666
-0.044657543301582336
-0.09728191792964935
0.0015319818630814552
-0.15519355237483978
-0.060194458812475204
-0.07460390776395798
-0.0479208342730999
0.050568897277116776
0.1239626407623291
-0.26739174127578735
0.0797203853726387
-0.025390293449163437
0.020729487761855125
0.04420138895511627
0.03468174859881401
-0.06595232337713242
-0.14123967289924622
0.1088300421833992
-0.23464207351207733
0.20707638561725616
0.20309630036354065
0.1002916693687439
0.13909588754177094
0.11874718964099884
0.11191336810588837
0.02811984345316887
0.042154788970947266
-0.17902466654777527
0.02299543097615242
0.10988910496234894
-0.04575711861252785
0.09005898237228394
0.003673677798360586
