-0.14647521078586578
0.04370034858584404
0.05897565558552742
-0.06651058048009872
-0.05835335701704025
-0.05178802087903023
-0.07295610010623932
-0.10741938650608063
0.1407192498445511
-0.15024904906749725
0.18424198031425476
-0.03526686504483223
-0.2134009450674057
-0.0372195728123188
-0.022531848400831223
0.21161837875843048
-0.16686101257801056
-0.13499166071414948
-0.024907786399126053
0.04185570776462555
0.020418647676706314
-0.05644020065665245
0.04185713455080986
0.07748892158269882
-0.07796457409858704
-0.32061412930488586
-0.06358171254396439
-0.05136505514383316
-0.07902958989143372
-0.0270780548453331
-0.09883776307106018
0.03479704260826111
-0.18584726750850677
-0.03125029802322388
0.06653682887554169
0.11281676590442657
-0.0016303055454045534
-0.012347920797765255
0.23763132095336914
0.009713553823530674
-0.26335304975509644
0.04200783744454384
0.06134984269738197
0.2344670593738556
0.15936018526554108
0.08590680360794067
-0.013664981350302696
-0.16176769137382507
0.1704656481742859
-0.2736089527606964
0.07269522547721863
0.14379103481769562
0.032596126198768616
0.0058129336684942245
-0.01231815479695797
-0.16885802149772644
0.042491085827350616
0.09406517446041107
-0.13680411875247955
0.026854950934648514
0.08456087857484818
-0.06131742149591446
-0.056653738021850586
-0.08738884329795837
0.26172319054603577
0.15833526849746704
-0.13693168759346008
-0.18228769302368164
0.12702926993370056
-0.12054772675037384
-0.04857107996940613
0.04889998957514763
-0.15261390805244446
-0.2090747207403183
-0.25325632095336914
0.0004831794649362564
0.36736536026000977
0.11051344871520996
-0.18270643055438995
0.06215488165616989
-0.09639204293489456
-0.012162040919065475
0.10659991949796677
0.1688261181116104
0.006585456430912018
0.018174471333622932
-0.022428222000598907
-0.028740577399730682
0.24866005778312683
-0.050809796899557114
-0.0041914512403309345
0.2082528918981552
0.020578060299158096
0.08523871004581451
-0.008004231378436089
-0.014485975727438927
-0.059327974915504456
0.014465311542153358
-0.21364568173885345
-0.04004240408539772
-0.009007933549582958
-0.0012398110702633858
0.01711851730942726
0.12245319783687592
-0.2603674829006195
0.10467343777418137
-0.017198804765939713
-0.0087962094694376
0.06953339278697968
0.06317421793937683
-0.08880418539047241
-0.10494554787874222
0.0763929933309555
-0.23395991325378418
0.22853684425354004
0.20599450170993805
0.10261372476816177
0.09526039659976959
0.11553778499364853
0.0797613114118576
0.05691889673471451
0.05446068197488785
-0.200968936085701
-0.013353131711483002
0.12515591084957123
-0.011308187618851662
0.07143712788820267
0.008249344304203987
