-0.03878004848957062
0.09924543648958206
0.03542260825634003
-0.05512043461203575
-0.12272414565086365
-0.05487477779388428
-0.04942774027585983
-0.14364232122898102
0.1260717809200287
-0.11533155292272568
0.26971304416656494
-0.12996993958950043
-0.2058762162923813
-0.11348626762628555
-0.009839070029556751
0.19422923028469086
-0.11756693571805954
-0.08475937694311142
-0.06379364430904388
0.0005589351058006287
0.01658693514764309
-0.028415028005838394
0.024074209854006767
0.06604678183794022
0.0005309358239173889
-0.3765810430049896
-0.12068019807338715
-0.10549788177013397
0.015201936475932598
-0.0723736435174942
-0.08037147670984268
0.08212248235940933
-0.1318669468164444
-0.09515953809022903
0.05550534278154373
0.03897329419851303
-0.007088552229106426
0.023969190195202827
0.16771413385868073
-0.055796895176172256
-0.22840489447116852
0.08013893663883209
0.05306883901357651
0.2483837604522705
0.17917759716510773
0.0994870662689209
0.018770039081573486
-0.18317222595214844
0.12939591705799103
-0.11607658118009567
0.07804229855537415
0.10279090702533722
0.14910699427127838
0.002775910310447216
-0.015547703951597214
-0.14815297722816467
0.01167274545878172
0.13140317797660828
-0.2046033889055252
0.022892368957400322
0.13905423879623413
-0.08035380393266678
-0.08376188576221466
-0.07420660555362701
0.309352844953537
0.11042636632919312
-0.14586204290390015
-0.17224712669849396
0.17638815939426422
-0.12920963764190674
-0.030007679015398026
0.03028089739382267
-0.17928257584571838
-0.15739953517913818
-0.2713594436645508
0.03760306537151337
0.3925095498561859
0.08468137681484222
-0.24645565450191498
0.005897915456444025
-0.10203731060028076
0.021001294255256653
0.0822717472910881
0.14916327595710754
-0.04262956231832504
-0.04533253237605095
-0.06579214334487915
-0.03125505521893501
0.15730367600917816
-0.09890294075012207
0.02049950137734413
0.22844618558883667
0.00774748157709837
0.09957388043403625
-0.022484783083200455
-0.028024200350046158
-0.09560763835906982
0.01948723755776882
-0.16823914647102356
-0.037949204444885254
-0.025533393025398254
-0.03570041060447693
-0.0012888910714536905
0.12181767076253891
-0.21973590552806854
0.17838935554027557
-0.008139163255691528
0.03949488699436188
0.037112120538949966
0.005875539034605026
-0.006376184988766909
-0.09003159403800964
0.14819587767124176
-0.23061206936836243
0.1853102296590805
0.15031284093856812
0.14757223427295685
0.11880844086408615
0.08665149658918381
0.09612195193767548
0.031135931611061096
-0.05202282965183258
-0.27102038264274597
0.03074278123676777
0.14183643460273743
-0.08712869137525558
0.052510760724544525
0.024080248549580574
