-0.15109209716320038
0.10400357842445374
0.014969991520047188
-0.020815003663301468
-0.03723956272006035
-0.11995335668325424
-0.014502361416816711
-0.1864757537841797
0.07516224682331085
0.035776518285274506
0.27953994274139404
-0.1058526486158371
-0.21487873792648315
-0.19220654666423798
-0.006931323558092117
0.17988120019435883
-0.15243326127529144
-0.11262237280607224
-0.05644574388861656
-0.03512553870677948
0.03747445344924927
-0.059267397969961166
0.049546726047992706
0.09920520335435867
-0.025743119418621063
-0.317545622587204
-0.10572375357151031
-0.09424814581871033
0.09248805791139603
-0.04579365998506546
-0.06394559890031815
0.06809819489717484
-0.20410378277301788
-0.15218044817447662
0.06710199266672134
0.09501276165246964
0.028840932995080948
0.025089388713240623
0.2004738301038742
-0.018715959042310715
-0.123202845454216
0.0030783922411501408
0.09078577905893326
0.2612672746181488
0.1507970243692398
0.1461542695760727
0.06469526886940002
-0.09096365422010422
0.01685541309416294
-0.15600334107875824
0.03926863521337509
0.15094523131847382
0.13248249888420105
0.013397939503192902
0.0010541295632719994
-0.16865862905979156
-0.0026489002630114555
0.04139384999871254
-0.1704823225736618
0.03221282362937927
0.08406701683998108
-0.00937197171151638
-0.08887762576341629
-0.027034351602196693
0.2912282347679138
0.09708602726459503
-0.1045764908194542
-0.1655464619398117
0.15166263282299042
-0.1278093010187149
-0.07781695574522018
0.06731116026639938
-0.14999541640281677
-0.11160275340080261
-0.32776474952697754
0.016717758029699326
0.37962591648101807
0.04374758526682854
-0.21927717328071594
0.024925824254751205
-0.13376714289188385
-0.0015222453512251377
0.10072290152311325
0.0274896752089262
-0.04117190092802048
0.009053084999322891
-0.13661932945251465
-0.03995329886674881
0.15832719206809998
-0.06307613849639893
-0.008774865418672562
0.1639997810125351
0.035292599350214005
0.07718965411186218
-0.009961908683180809
0.03741991147398949
-0.020957430824637413
0.0177339818328619
-0.1291315108537674
-0.057766061276197433
0.07140571624040604
0.036624275147914886
0.04713192582130432
0.11413805186748505
-0.1824740767478943
0.045585718005895615
0.030109504237771034
0.00799828302115202
-0.014369873329997063
0.044414862990379333
-0.0949036180973053
-0.10981600731611252
0.10112828016281128
-0.25993648171424866
0.21539367735385895
0.23852817714214325
-0.009420285932719707
0.024745866656303406
0.07231346517801285
0.07299347221851349
0.03104226291179657
-0.003316842019557953
-0.11596880108118057
-0.055718403309583664
0.0754675567150116
-0.0397472083568573
0.027417056262493134
0.023717455565929413
