-0.09013337641954422
0.10878109931945801
0.05355535075068474
-0.09331972897052765
-0.11121595650911331
-0.05078776925802231
-0.05860704183578491
-0.1566370576620102
0.16277115046977997
-0.16389550268650055
0.3267049789428711
-0.043613359332084656
-0.20747850835323334
-0.1141534075140953
-0.02445552870631218
0.17226988077163696
-0.17835986614227295
-0.0978950709104538
-0.004520467482507229
-0.050572142004966736
0.021863512694835663
-0.062412574887275696
0.04794550687074661
0.05716653913259506
0.0016217771917581558
-0.3847076892852783
-0.11234277486801147
-0.09001658856868744
0.06984446942806244
-0.051703136414289474
-0.05719790607690811
0.03152666240930557
-0.15882404148578644
-0.09090883284807205
0.012771768495440483
0.034187737852334976
-0.08020888268947601
-0.018123209476470947
0.16722168028354645
-0.023217320442199707
-0.16184544563293457
-0.017056522890925407
0.021933075040578842
0.23773014545440674
0.10677323490381241
0.11359991878271103
0.03983251750469208
-0.1393536925315857
0.09192759543657303
-0.1552160531282425
0.06979463994503021
0.1203177347779274
0.09707051515579224
0.026070863008499146
-0.00644354522228241
-0.15066099166870117
0.0019512493163347244
0.12272731214761734
-0.23035652935504913
0.0910010114312172
0.08269573748111725
-0.102662093937397
-0.09309078752994537
-0.058243222534656525
0.32645857334136963
0.17837762832641602
-0.153281569480896
-0.15202754735946655
0.2102750688791275
-0.08585275709629059
-0.04850393906235695
0.04908774793148041
-0.15121424198150635
-0.19832101464271545
-0.21795493364334106
0.05054378882050514
0.38615185022354126
0.11704939603805542
-0.11469053477048874
-0.030762821435928345
-0.10422690957784653
-0.027960563078522682
0.05414509400725365
0.15219815075397491
-0.054221026599407196
-0.020323824137449265
-0.049381740391254425
0.018730103969573975
0.11074666678905487
-0.06836986541748047
-0.05650043487548828
0.2518985867500305
-0.034456297755241394
0.11886245757341385
-0.036715779453516006
0.04354839399456978
-0.10765047371387482
0.04329024627804756
-0.1617320477962494
-0.07462281733751297
0.04890081658959389
-0.034339286386966705
0.021647442132234573
0.09406187385320663
-0.14567580819129944
0.11061471700668335
-0.010062124580144882
0.03496387228369713
0.03463100269436836
0.008729309774935246
-0.05494704097509384
-0.107155941426754
0.10031424462795258
-0.24264191091060638
0.2563062012195587
0.20751166343688965
0.16594631969928741
0.14662493765354156
0.1056838259100914
0.012381140142679214
0.08712904900312424
-0.1362975537776947
-0.19798767566680908
-0.004020335618406534
0.07959036529064178
-0.04169071093201637
0.057747215032577515
0.014244193211197853
