-0.06643903255462646
0.028033709153532982
0.01655742898583412
-0.047690048813819885
-0.09633376449346542
-0.030552593991160393
-0.0572756826877594
-0.06907697021961212
0.14366093277931213
-0.13097403943538666
0.2009747326374054
-0.10979828238487244
-0.2051943838596344
-0.09893658757209778
-0.038018859922885895
0.18557357788085938
-0.12179339677095413
-0.1453385055065155
-0.0719376727938652
0.01647629402577877
0.027944887056946754
-0.05444788187742233
-0.013769439421594143
0.042748864740133286
-0.09235986322164536
-0.3483324646949768
-0.06336559355258942
-0.048018790781497955
-0.0012966729700565338
-0.042011067271232605
-0.07633452117443085
0.09001508355140686
-0.14743250608444214
-0.06467749923467636
0.041355423629283905
0.09453525394201279
-0.058536823838949203
-0.059693291783332825
0.2097700536251068
0.013425298035144806
-0.21446943283081055
0.008312495425343513
-0.03432968258857727
0.2145872563123703
0.1821773797273636
0.08936956524848938
0.07042870670557022
-0.18706615269184113
0.1278068572282791
-0.21597734093666077
0.0264132060110569
0.19467534124851227
0.0729079395532608
0.0026702042669057846
-0.007047145627439022
-0.08593274652957916
0.025250786915421486
0.12612959742546082
-0.1780722737312317
-0.019673136994242668
0.06356820464134216
-0.056500233709812164
-0.06217578053474426
-0.11082194745540619
0.2625906467437744
0.13400103151798248
-0.10026925057172775
-0.1658669114112854
0.23244260251522064
-0.1433544158935547
-0.08421245217323303
0.004816507920622826
-0.11327829957008362
-0.1863257884979248
-0.25520026683807373
-0.004091911017894745
0.39128509163856506
0.10849051177501678
-0.17610801756381989
0.08654315024614334
-0.08561582863330841
-0.013970447704195976
0.11677619814872742
0.1361052244901657
-0.05608077719807625
-0.035527653992176056
-0.032682158052921295
-0.04408502206206322
0.23080974817276
-0.07769956439733505
-0.007916746661067009
0.12734189629554749
0.02783803641796112
0.03848700597882271
0.046312544494867325
-0.057079702615737915
-0.04544465243816376
0.06415678560733795
-0.10514219850301743
-0.02035447768867016
0.053579725325107574
-0.04105719178915024
0.04374656826257706
0.09935806691646576
-0.1516304463148117
0.14344576001167297
-0.03518488630652428
0.012071060948073864
0.08985809981822968
-0.007884119637310505
-0.07710730284452438
-0.09712368249893188
0.1292448341846466
-0.2286776751279831
0.16681604087352753
0.13564851880073547
0.07089393585920334
0.12595558166503906
0.13503700494766235
0.15230396389961243
0.028563005849719048
0.01975174807012081
-0.22790846228599548
-0.03298516571521759
0.10317864269018173
0.0123957060277462
0.06919609755277634
0.014658492058515549
