-0.09336630254983902
0.1130228042602539
0.0819617509841919
-0.026313187554478645
-0.028813311830163002
-0.035262759774923325
-0.07521028816699982
-0.07640082389116287
0.13501496613025665
-0.06602045893669128
0.2570185363292694
-0.026845358312129974
-0.24536068737506866
-0.14222073554992676
0.0022304747253656387
0.14950037002563477
-0.09079159796237946
-0.1259901523590088
-0.008104696869850159
-0.01319778710603714
0.06295623630285263
-0.036156874150037766
-0.0015254803001880646
0.060882724821567535
-0.10412323474884033
-0.3541506826877594
-0.11801338195800781
-0.06486855447292328
-0.010044446215033531
-0.06943576782941818
-0.061301931738853455
0.02816104330122471
-0.16114164888858795
-0.0623135045170784
0.020033665001392365
0.07107912003993988
0.01432743202894926
-0.05499067157506943
0.20044413208961487
-0.04435034841299057
-0.1958560347557068
0.03987277299165726
0.07375410199165344
0.19993217289447784
0.1579391360282898
0.08936949819326401
0.029104083776474
-0.08673963695764542
0.049208834767341614
-0.10457123816013336
0.07436200231313705
0.15965873003005981
0.13045933842658997
0.0114842364564538
0.04168650507926941
-0.1877434104681015
-0.023624952882528305
0.08874204754829407
-0.16503384709358215
-0.0020891448948532343
-0.012680442072451115
-0.05032169073820114
-0.03503531962633133
-0.0712999552488327
0.2316196709871292
0.08336861431598663
-0.11200392246246338
-0.15331172943115234
0.19470107555389404
-0.133897602558136
-0.06326945126056671
0.030928298830986023
-0.15483324229717255
-0.19449737668037415
-0.28958413004875183
0.08386631309986115
0.32546377182006836
0.1498926430940628
-0.22282375395298004
0.1235012337565422
-0.03673607110977173
-0.04918546974658966
0.0473613440990448
0.10938934236764908
-0.06658710539340973
0.040732935070991516
-0.061771780252456665
-0.016369186341762543
0.1941596418619156
0.023495826870203018
-0.03537929430603981
0.19157229363918304
-0.01506580226123333
0.09331969916820526
0.03231724351644516
-0.0556817352771759
-0.03598116338253021
0.01848476007580757
-0.17423607409000397
-0.02915099263191223
0.04403520002961159
-0.04392880201339722
0.0031622755341231823
0.1118498295545578
-0.20182739198207855
0.05859716981649399
0.04318346455693245
-0.01245129108428955
-0.011172381229698658
0.10034129023551941
-0.15647339820861816
-0.05799361318349838
0.14938631653785706
-0.2542569041252136
0.23554158210754395
0.1625644862651825
0.10831541568040848
0.1184404045343399
0.19945204257965088
0.07668519765138626
0.07728161662817001
-0.052068449556827545
-0.18232570588588715
-0.04443563148379326
0.13111865520477295
-0.0716710314154625
0.162876695394516
0.06889211386442184
