-0.14061470329761505
0.12559226155281067
0.02236202359199524
-0.042002394795417786
-0.02195405773818493
-0.11130543798208237
-0.07765354961156845
-0.10223251581192017
0.12771455943584442
-0.0258491151034832
0.19282732903957367
-0.06167866289615631
-0.20227445662021637
-0.10774125158786774
-0.03305502608418465
0.18031296133995056
-0.25134459137916565
-0.11462504416704178
-0.016987495124340057
-0.022664356976747513
0.09063200652599335
0.0014881632523611188
0.03613214194774628
0.08983508497476578
-0.09176702052354813
-0.2766755223274231
-0.042269397526979446
-0.11739102005958557
0.03157437965273857
-0.0378054641187191
-0.053389839828014374
0.01644252799451351
-0.2003706991672516
-0.12237222492694855
0.07130308449268341
0.07563460618257523
-0.026546664535999298
-0.016525471583008766
0.16522718966007233
-0.018286827951669693
-0.13459564745426178
-0.022290300577878952
0.08188790082931519
0.2786162495613098
0.19878563284873962
0.1400788426399231
-0.019799096509814262
-0.16051922738552094
0.09837441891431808
-0.19842135906219482
0.07737106084823608
0.13207241892814636
0.049126528203487396
0.07562817633152008
0.0356915183365345
-0.21091651916503906
0.07174313068389893
0.11640384048223495
-0.17016984522342682
0.0415981262922287
0.08724568039178848
-0.0060758162289857864
0.024996042251586914
-0.04993157088756561
0.28084316849708557
0.02428840659558773
-0.12290452420711517
-0.10268482565879822
0.11626769602298737
-0.08641427755355835
-0.06349478662014008
0.05559631437063217
-0.09944163262844086
-0.17089945077896118
-0.2945289611816406
-0.02164541371166706
0.3472971022129059
0.11203746497631073
-0.17901965975761414
0.0020751385018229485
-0.07711903005838394
-0.06437083333730698
0.11452018469572067
0.06659368425607681
-0.07574725151062012
-0.030622821301221848
-0.11339227855205536
-0.02039172127842903
0.1914222240447998
0.006283337250351906
-0.008313396014273167
0.19521112740039825
0.004292047582566738
0.017267068848013878
0.0013009430840611458
0.006155592389404774
-0.13709062337875366
0.05423244833946228
-0.19674690067768097
-0.09900995343923569
0.018339378759264946
-0.013497562147676945
-0.015387587249279022
0.1581190973520279
-0.1839302033185959
0.08784423023462296
0.043900053948163986
-0.0038832128047943115
-0.04395177587866783
-0.009837500751018524
-0.13345912098884583
-0.04606223478913307
0.11861404776573181
-0.17361827194690704
0.22264708578586578
0.1844385415315628
0.16221684217453003
0.10703432559967041
0.0937000960111618
0.022785333916544914
-0.009878553450107574
-0.02834957465529442
-0.20382235944271088
0.004626474343240261
0.11857646703720093
-0.04025711119174957
0.12799689173698425
0.03511542081832886
