-0.13168898224830627
0.14804616570472717
-0.01548317726701498
0.014054673723876476
-0.03949990123510361
-0.09071998298168182
0.0064203497022390366
-0.16583117842674255
0.16060741245746613
-0.051452700048685074
0.25649213790893555
-0.03515533357858658
-0.1591821163892746
-0.10762004554271698
0.00922597385942936
0.1796426773071289
-0.23374593257904053
-0.09478120505809784
-0.0782894417643547
-0.0479857362806797
0.06105285882949829
0.016770511865615845
0.021322572603821754
0.07347940653562546
-0.08867103606462479
-0.3380242586135864
-0.06397506594657898
-0.07768190652132034
0.12266607582569122
-0.040321629494428635
-0.003624439239501953
0.04012162238359451
-0.1970290094614029
-0.11345480382442474
0.12132962048053741
0.08204305171966553
-0.025908876210451126
-0.021398931741714478
0.216061070561409
-0.0050296420231461525
-0.1903345286846161
0.050473086535930634
0.055059827864170074
0.3064371943473816
0.19714978337287903
0.0964089184999466
0.00145743228495121
-0.1551220715045929
0.1035962849855423
-0.13203653693199158
0.04449259117245674
0.13110937178134918
0.05406596139073372
0.08110743016004562
0.03244975954294205
-0.20273235440254211
0.010749762877821922
0.08459573984146118
-0.186366468667984
0.025940842926502228
0.08555687218904495
-0.06653060019016266
0.024394448846578598
-0.02325301244854927
0.2527417838573456
0.056032694876194
-0.12075658142566681
-0.150029256939888
0.16438093781471252
-0.14134371280670166
-0.06807516515254974
0.03905155137181282
-0.11541149765253067
-0.18927043676376343
-0.30322933197021484
0.009832993149757385
0.4331728219985962
0.13500475883483887
-0.23546791076660156
0.002410024404525757
-0.039583589881658554
-0.02572229504585266
0.19846022129058838
0.17564275860786438
0.00027863122522830963
-0.0462237223982811
-0.05763121694326401
-0.024717437103390694
0.221589595079422
0.018325723707675934
-0.11636414378881454
0.21196095645427704
-0.011135742999613285
0.039138101041316986
0.0153880026191473
-0.009417181834578514
-0.09688539057970047
0.02473696880042553
-0.1713801473379135
-0.09275499731302261
0.0030074771493673325
0.014707505702972412
0.014258194714784622
0.16754461824893951
-0.15854448080062866
0.16687195003032684
0.05349118635058403
0.042692430317401886
-0.021576398983597755
0.05754867568612099
-0.09282024204730988
-0.016874415799975395
0.10195759683847427
-0.24827149510383606
0.3570716083049774
0.20218348503112793
0.07270848006010056
0.1372651308774948
0.07672435790300369
0.03189707547426224
0.05824592709541321
0.005425401031970978
-0.16632670164108276
-0.06050580367445946
0.05610833317041397
-0.04349128156900406
0.1502349078655243
-0.0014018118381500244
