-0.08058002591133118
0.11437617242336273
-0.006729781161993742
-0.07882381230592728
-0.09846509248018265
-0.10521554201841354
-0.08211299777030945
-0.12206482142210007
0.1172594502568245
-0.05150711536407471
0.19047504663467407
-0.08903350681066513
-0.1956878900527954
-0.0856618583202362
-0.022135507315397263
0.15631574392318726
-0.17968925833702087
-0.09650315344333649
-0.04289083555340767
-0.028234317898750305
0.07363138347864151
0.02098439633846283
0.036468662321567535
0.08033560961484909
0.0155797079205513
-0.3887513279914856
-0.09304237365722656
-0.08637623488903046
0.07609965652227402
-0.026665421202778816
-0.027458548545837402
0.08161243796348572
-0.1843411773443222
-0.13719354569911957
0.08978427946567535
0.07741571962833405
-0.005050818435847759
0.0008453205227851868
0.15311375260353088
0.017145991325378418
-0.1591809242963791
0.03562444821000099
0.045618221163749695
0.27843159437179565
0.15714097023010254
0.13127592206001282
0.06468792259693146
-0.15629225969314575
0.08728651702404022
-0.12887896597385406
0.027700621634721756
0.13734962046146393
0.10165932029485703
0.02073650434613228
0.02073875069618225
-0.18523980677127838
0.0426153689622879
0.10621409118175507
-0.18773898482322693
0.055947430431842804
0.09088936448097229
-0.059502013027668
-0.048827994614839554
-0.0787288025021553
0.342952162027359
0.03756865859031677
-0.15141825377941132
-0.13030005991458893
0.1433779001235962
-0.07364659011363983
-0.07156974077224731
0.02956734597682953
-0.16295143961906433
-0.1267906278371811
-0.28285032510757446
0.02716982364654541
0.4178324341773987
0.06684879958629608
-0.20048484206199646
0.05120527744293213
-0.09991531074047089
-0.0009621027857065201
0.0753016322851181
0.14736904203891754
-0.07681121677160263
0.005838698707520962
-0.05857333168387413
-0.004641393199563026
0.1458701640367508
-0.04160210117697716
-0.04938123747706413
0.17707809805870056
-0.021521516144275665
0.13120776414871216
-0.002715853974223137
-1.5298835933208466e-05
-0.11589735746383667
-0.0005067130550742149
-0.15858381986618042
-0.08584646880626678
0.03256720304489136
-0.039264339953660965
-0.006393560208380222
0.13498446345329285
-0.1778661012649536
0.11395925283432007
-0.0001323889009654522
0.013450589030981064
-0.011610236018896103
0.020914781838655472
-0.06038850545883179
-0.0590616874396801
0.11910393834114075
-0.23763106763362885
0.2472829520702362
0.2111475169658661
0.11953918635845184
0.13226492702960968
0.09898964315652847
0.03589404746890068
0.03185662627220154
-0.021052420139312744
-0.19610778987407684
-0.027313537895679474
0.1174619197845459
-0.023952506482601166
0.07769422978162766
0.003999390173703432
