-0.15883606672286987
0.07466748356819153
0.023573895916342735
-0.08707237243652344
-0.07446548342704773
-0.09314173460006714
-0.054754726588726044
-0.1276250183582306
0.11430057138204575
-0.05385837331414223
0.25756189227104187
-0.11368747800588608
-0.20018166303634644
-0.12929439544677734
-0.021704036742448807
0.18659433722496033
-0.24601754546165466
-0.09102233499288559
-0.053852811455726624
-0.032774634659290314
0.05451269447803497
-0.09109285473823547
0.03238571435213089
0.08103437721729279
-0.05914923548698425
-0.3854333758354187
-0.0787610113620758
-0.11078960448503494
-0.0053200917318463326
-0.04881971329450607
-0.025822192430496216
0.03896211460232735
-0.17707332968711853
-0.10136169195175171
-0.038296740502119064
0.05271574854850769
0.012807955965399742
-0.032955992966890335
0.14550547301769257
-0.027482904493808746
-0.21338210999965668
0.03210613504052162
0.07287079840898514
0.20824407041072845
0.2437528818845749
0.1223972886800766
0.008373484015464783
-0.09107162058353424
0.12796622514724731
-0.1878369301557541
0.005229158326983452
0.09859457612037659
0.09947765618562698
-0.006928125396370888
0.013004545122385025
-0.10562688112258911
0.015520714223384857
0.1188034862279892
-0.20749834179878235
-0.012819640338420868
0.05032604560256004
-0.07280664145946503
-0.06131034716963768
-0.06773579865694046
0.25921565294265747
0.17795510590076447
-0.12099646031856537
-0.12788112461566925
0.15123310685157776
-0.1277126520872116
-0.10753606259822845
0.009356727823615074
-0.13506749272346497
-0.17263147234916687
-0.3381996750831604
0.01954774558544159
0.32814252376556396
0.06126789003610611
-0.1894434690475464
0.01719173789024353
-0.024566542357206345
0.011165553703904152
0.13615387678146362
0.15618905425071716
-0.0440293624997139
-0.03534566983580589
-0.07757115364074707
-0.05598490312695503
0.1325807124376297
-0.03697410970926285
-0.03374452516436577
0.19569747149944305
-0.02186310477554798
0.07665927708148956
0.006329387426376343
0.055835772305727005
-0.07685182988643646
0.07453139126300812
-0.14182943105697632
-0.01610875502228737
0.09393800795078278
0.028477275744080544
-0.0010045687668025494
0.06675803661346436
-0.139150008559227
0.06978587061166763
-0.017510507255792618
0.041894301772117615
0.010705843567848206
-0.04053463041782379
-0.011357332579791546
-0.046828024089336395
0.08797617256641388
-0.22499363124370575
0.19912324845790863
0.21990057826042175
0.014233138412237167
0.11247973144054413
0.0980614721775055
0.025794241577386856
0.02313106693327427
0.006482289172708988
-0.21763788163661957
-0.008789756335318089
0.11575672775506973
-0.04537017270922661
0.07185202091932297
0.011498810723423958
