-0.19866283237934113
0.11889855563640594
0.00826411321759224
-0.024191226810216904
-0.05837712064385414
-0.15306752920150757
-0.05250514671206474
-0.1723184734582901
0.10841452330350876
-0.00815207976847887
0.21650515496730804
-0.0693620890378952
-0.13808710873126984
-0.17493078112602234
-0.044945232570171356
0.15959566831588745
-0.23427453637123108
-0.11506711691617966
-0.039966754615306854
-0.023327667266130447
0.10095604509115219
-0.07390609383583069
0.042393919080495834
0.0755062997341156
-0.04654218629002571
-0.3465954661369324
-0.1141553521156311
-0.11313021183013916
0.052801117300987244
0.020915299654006958
-0.052319567650556564
0.00413195975124836
-0.20110735297203064
-0.15123999118804932
0.04360102117061615
0.0633186474442482
0.0031221252866089344
-0.02875717729330063
0.16647519171237946
-0.04937693849205971
-0.17671620845794678
0.04809638485312462
0.106984943151474
0.21241943538188934
0.21007296442985535
0.11902116239070892
0.017672087997198105
-0.16180899739265442
0.08814500272274017
-0.13105714321136475
0.026740316301584244
0.1750163584947586
0.07144880294799805
0.06650876253843307
0.0002175886183977127
-0.14522558450698853
0.05734771490097046
0.059927236288785934
-0.2139279842376709
0.0001225725281983614
0.08840102702379227
-0.04317471385002136
-0.07522477954626083
-0.061087556183338165
0.27009645104408264
0.17463840544223785
-0.1165119931101799
-0.18671303987503052
0.17820407450199127
-0.14803875982761383
-0.07569164037704468
0.038247399032115936
-0.1382349729537964
-0.16588686406612396
-0.303290992975235
0.01989620551466942
0.4117639362812042
0.11633934080600739
-0.18698422610759735
0.01594100520014763
-0.1353733241558075
0.0009147897362709045
0.1294582337141037
0.12067147344350815
-0.05502241104841232
-0.016467737033963203
-0.0819559171795845
-0.05351089686155319
0.13839802145957947
0.0006653564050793648
-0.05891765281558037
0.18743091821670532
0.046035896986722946
0.08770418167114258
0.030759591609239578
0.03544265031814575
-0.06824316084384918
0.04379693418741226
-0.15872244536876678
-0.03514810651540756
0.045295875519514084
-0.008001944981515408
0.026725146919488907
0.1079946830868721
-0.11436713486909866
0.06482743471860886
0.0350513756275177
0.04160080850124359
-0.024963200092315674
0.008707976900041103
-0.05916275456547737
-0.0657990351319313
0.062209129333496094
-0.22318437695503235
0.288164347410202
0.19107215106487274
0.07242951542139053
0.12439218163490295
0.1046568751335144
0.08283675462007523
0.0018627317622303963
-0.02891683764755726
-0.1539052426815033
-0.008042961359024048
0.06828710436820984
-0.029626566916704178
0.09073963016271591
0.031653374433517456
