-0.16130787134170532
0.09726565331220627
0.0970335304737091
-0.010832580737769604
-0.033313196152448654
-0.05188272148370743
0.004073817282915115
-0.10123755037784576
0.09196995943784714
-0.08696600794792175
0.22133849561214447
-0.0652489960193634
-0.19137723743915558
-0.18189696967601776
-0.017564531415700912
0.2269335240125656
-0.1443701684474945
-0.1503555178642273
-0.07597488164901733
-0.05572528392076492
0.09274253249168396
-0.02941155806183815
-0.009588508866727352
0.038727663457393646
-0.12334658205509186
-0.30617839097976685
-0.07732116430997849
-0.05723978951573372
-0.05495496839284897
-0.05694509670138359
-0.05183251574635506
0.09762328118085861
-0.21537448465824127
-0.08158627897500992
-0.010000605136156082
0.08262147009372711
-0.007626095786690712
-0.010440826416015625
0.15864427387714386
-0.017093708738684654
-0.17087708413600922
0.03977386653423309
0.11787565797567368
0.25523248314857483
0.17292451858520508
0.039503064006567
-0.00504225492477417
-0.023088043555617332
0.11095747351646423
-0.1271282285451889
-0.015159908682107925
0.13185952603816986
0.1552923321723938
0.11060439795255661
0.05886591970920563
-0.10301156342029572
0.04998483508825302
0.08104684948921204
-0.11253412067890167
0.012072628363966942
0.022007271647453308
-0.12819941341876984
-0.014771485701203346
-0.09097810834646225
0.22599881887435913
0.025444645434617996
-0.11540054529905319
-0.10675908625125885
0.10185380280017853
-0.05674467980861664
-0.054585106670856476
0.04377096891403198
-0.18106897175312042
-0.14354795217514038
-0.33035412430763245
0.0774746909737587
0.3371979594230652
0.08588703721761703
-0.21241843700408936
0.037220217287540436
0.007250943221151829
-0.011021033860743046
0.10763759166002274
0.1599954217672348
-0.022575324401259422
0.030950073152780533
-0.05486031621694565
0.013923430815339088
0.1518118977546692
-0.013947835192084312
-0.04266532137989998
0.18321281671524048
-0.006509872153401375
0.05156215280294418
-0.015326538123190403
-0.034363653510808945
-0.02090153656899929
0.04741886258125305
-0.09093692153692245
0.048134010285139084
0.006088721565902233
-0.07367994636297226
-0.018915697932243347
0.054835543036460876
-0.08536499738693237
0.045629579573869705
0.020255926996469498
0.09361561387777328
-0.06987076252698898
0.061107244342565536
-0.1392158418893814
-0.04032793641090393
0.03287538141012192
-0.23515523970127106
0.21013741195201874
0.19596055150032043
-0.05181090533733368
0.062086861580610275
0.10752350091934204
0.10843684524297714
-0.008521451614797115
0.03498927131295204
-0.11931845545768738
-0.04333536699414253
0.18365168571472168
-0.03826913610100746
0.12017221748828888
0.020238419994711876
