-0.17678162455558777
0.05954906344413757
0.09962256252765656
-0.1300145834684372
-0.1342245489358902
-0.03982947766780853
-0.060207217931747437
-0.11809244006872177
0.13712699711322784
-0.15805292129516602
0.25289487838745117
-0.1518426537513733
-0.22648786008358002
-0.07036605477333069
-0.06156899034976959
0.24000033736228943
-0.194575697183609
-0.08610361814498901
0.01309974305331707
0.01979629509150982
0.11408667266368866
-0.015267029404640198
0.028287075459957123
0.06326649338006973
-0.04160027205944061
-0.39574134349823
-0.13683103024959564
-0.04157599061727524
-0.002808196470141411
-0.06147731840610504
-0.057651884853839874
0.04058627039194107
-0.1675938218832016
-0.06594067811965942
-0.024992860853672028
0.0753435343503952
-0.04593595862388611
-0.11152655631303787
0.11460217088460922
0.0010462971404194832
-0.24981944262981415
0.051595836877822876
0.06632472574710846
0.19060161709785461
0.1265563666820526
0.07113505154848099
0.03390658646821976
-0.182413712143898
0.12326756864786148
-0.18834100663661957
-0.03206515684723854
0.11398880183696747
0.05698584392666817
0.017840631306171417
0.001842019148170948
-0.0774984210729599
0.05976908653974533
0.1272285282611847
-0.21013373136520386
0.050120577216148376
0.10315008461475372
-0.0658128410577774
-0.00846538133919239
-0.11119570583105087
0.21344274282455444
0.12842653691768646
-0.1343938410282135
-0.18451827764511108
0.12901589274406433
-0.10955166816711426
-0.09445533156394958
0.07839227467775345
-0.1519870012998581
-0.22405466437339783
-0.28405940532684326
0.010115234181284904
0.38410666584968567
0.10740982741117477
-0.12671972811222076
0.0367714986205101
-0.04391228407621384
-0.02230900153517723
0.09488926082849503
0.22605527937412262
3.250129520893097e-05
0.008278654888272285
-0.05293169990181923
-0.00630659144371748
0.18587550520896912
-0.08424877375364304
-0.012170618399977684
0.26303836703300476
0.024060972034931183
0.12722966074943542
-0.030057908967137337
0.051171768456697464
-0.09245892614126205
0.05546525493264198
-0.11851626634597778
-0.019345229491591454
0.00869559496641159
-0.025329390540719032
-0.014122620224952698
0.07339032739400864
-0.14772064983844757
0.1503099799156189
-0.025006279349327087
0.011674349196255207
-0.014009552076458931
-0.028045665472745895
-0.044963207095861435
-0.008734024129807949
0.0729568600654602
-0.23718498647212982
0.16494543850421906
0.23104730248451233
0.11749542504549026
0.11646010726690292
0.1391129344701767
0.04713299497961998
0.03986018896102905
-0.03796389698982239
-0.18942032754421234
-0.011177202686667442
0.12920355796813965
-0.05734509974718094
0.06760554015636444
-0.004016769118607044
