-0.14454691112041473
0.05117841809988022
0.10963182151317596
-0.0675688311457634
-0.10453503578901291
-0.038289666175842285
-0.04822791367769241
-0.1223217248916626
0.11137117445468903
-0.11355279386043549
0.25528669357299805
-0.07231184095144272
-0.24168729782104492
-0.05712217092514038
-0.059331394731998444
0.16671423614025116
-0.13910704851150513
-0.08022132515907288
0.012024031020700932
-0.023936046287417412
0.1006818637251854
-0.049157291650772095
0.020806388929486275
0.016086319461464882
-0.1051524430513382
-0.37572959065437317
-0.13426434993743896
-0.029034612700343132
-0.010107292793691158
-0.06165620684623718
-0.050480522215366364
0.05877584591507912
-0.20097720623016357
0.010002554394304752
-0.05519092455506325
0.06617720425128937
-0.03621559590101242
-0.08578593283891678
0.13012352585792542
-0.056143149733543396
-0.20318618416786194
0.032125841826200485
0.01772177591919899
0.18807026743888855
0.15309105813503265
0.077021524310112
0.021663865074515343
-0.08293303102254868
0.02438197284936905
-0.16754482686519623
0.023657210171222687
0.1341916173696518
0.019571473821997643
0.0186740942299366
-0.07333297282457352
-0.14422383904457092
0.011515653692185879
0.09496378898620605
-0.17100097239017487
0.018379148095846176
0.06133362650871277
-0.16175183653831482
-0.04056767746806145
-0.06555542349815369
0.23404577374458313
0.1268019825220108
-0.1472795456647873
-0.13499242067337036
0.11538011580705643
-0.1442364752292633
0.01826629415154457
0.012452440336346626
-0.1705474555492401
-0.2193116694688797
-0.260710746049881
0.09472654014825821
0.35550233721733093
0.08542770892381668
-0.13947322964668274
0.04040063917636871
-0.07836116850376129
0.02471810020506382
0.10736536979675293
0.1394166797399521
-0.010442066937685013
-0.03144129365682602
-0.11488915234804153
0.027080383151769638
0.19500111043453217
-0.0949741005897522
-0.014498013071715832
0.24933621287345886
-0.0241561196744442
0.05502000451087952
-0.035342246294021606
0.053010765463113785
-0.07078609615564346
0.05781099200248718
-0.04645109549164772
0.04654408618807793
0.055424176156520844
-0.08604857325553894
-0.022363804280757904
0.10490371286869049
-0.1560523808002472
0.1066918820142746
-0.013323492370545864
0.024095680564641953
0.04579606652259827
-0.045236751437187195
-0.10060571879148483
-0.11096197366714478
0.09928865730762482
-0.2487371265888214
0.20657791197299957
0.23276084661483765
0.07818826287984848
0.17449751496315002
0.11926524341106415
0.1058247983455658
0.030193516984581947
-0.02013993449509144
-0.1887327879667282
0.013950381428003311
0.11502157896757126
-0.03183239698410034
0.06328269839286804
0.02447967603802681
