-0.08838559687137604
0.11226826161146164
0.04941319674253464
-0.03612074255943298
0.003830195404589176
-0.04349437355995178
-0.0950048640370369
-0.10750530660152435
0.15024703741073608
-0.10727612674236298
0.2469663769006729
-0.02976846508681774
-0.19859914481639862
-0.08973125368356705
-0.0550825260579586
0.21374297142028809
-0.20538799464702606
-0.12938007712364197
-0.019584055989980698
-0.05402975156903267
0.06464233994483948
-0.011462490074336529
0.05007525160908699
0.06859671324491501
-0.0344424732029438
-0.3364906311035156
-0.12955214083194733
-0.055668022483587265
0.011345353908836842
-0.06343363225460052
-0.04846716672182083
0.05193335935473442
-0.0735519528388977
0.006486942991614342
0.06546647101640701
0.11651524156332016
-0.07121334224939346
-0.08082433044910431
0.23341664671897888
-0.026161734014749527
-0.12984922528266907
0.03316780924797058
0.05094938725233078
0.25631991028785706
0.1946786791086197
0.05443999916315079
0.017164643853902817
-0.13817237317562103
0.0774027481675148
-0.1559470146894455
0.044047631323337555
0.20882704854011536
0.11075909435749054
0.11513478308916092
0.02078949101269245
-0.11402517557144165
0.040612079203128815
0.09571842849254608
-0.08626633882522583
0.006510969251394272
0.02871650829911232
-0.1268702745437622
-0.028471417725086212
-0.04573635384440422
0.22447605431079865
0.13879188895225525
-0.15937326848506927
-0.17098256945610046
0.12762555480003357
-0.12699687480926514
-0.15349583327770233
-0.00038940180093050003
-0.1680363565683365
-0.16169027984142303
-0.2559020519256592
-0.003849973902106285
0.3813343644142151
0.0945831686258316
-0.21921049058437347
0.055127304047346115
-0.003888134378939867
-0.05256932973861694
0.07536760717630386
0.21123377978801727
-0.12734335660934448
-0.04103474318981171
-0.10037502646446228
-0.017937317490577698
0.17798273265361786
-0.029407449066638947
-0.07977573573589325
0.16085661947727203
-0.00719263032078743
0.1504184752702713
0.041792407631874084
0.029564401134848595
-0.026595283299684525
0.040108125656843185
-0.14087577164173126
-0.05699409544467926
0.046509068459272385
-0.04855460673570633
-0.04294774681329727
0.10841289907693863
-0.12685906887054443
0.15044869482517242
0.01727493852376938
0.04339461401104927
0.042250461876392365
0.08526888489723206
-0.11014113575220108
-0.043796878308057785
0.1400683969259262
-0.1968434900045395
0.20999839901924133
0.21309663355350494
0.0967721939086914
0.11733584105968475
0.15340915322303772
0.1498558670282364
0.01246872078627348
-0.02637650817632675
-0.19282111525535583
-0.025329995900392532
0.045353926718235016
0.038332242518663406
0.07124564796686172
0.03152746707201004
