-0.08378656208515167
0.1061573475599289
0.022892143577337265
-0.022725654765963554
-0.02418549545109272
-0.08805006742477417
-0.011647437699139118
-0.1287728101015091
0.11322282999753952
-0.05268041789531708
0.2921872138977051
-0.06577197462320328
-0.18564680218696594
-0.1665826290845871
0.005668626166880131
0.1867663562297821
-0.160946324467659
-0.1229705959558487
-0.09344363957643509
0.024127531796693802
0.021822042763233185
-0.025306155905127525
0.06625956296920776
0.09260018914937973
-0.01708078570663929
-0.3066636919975281
-0.06686849892139435
-0.08956095576286316
0.03885050490498543
-0.05804622173309326
-0.08055247366428375
0.0846790000796318
-0.15036414563655853
-0.13996422290802002
0.07194092869758606
0.033805716782808304
-0.031128810718655586
-0.031669970601797104
0.19295506179332733
-0.025086233392357826
-0.1801845282316208
0.04635773226618767
0.11148757487535477
0.2530973255634308
0.21848081052303314
0.07846885174512863
0.013810819946229458
-0.16651324927806854
0.05446426197886467
-0.15537482500076294
0.06252662092447281
0.09141694754362106
0.14320509135723114
0.05734925717115402
0.061060380190610886
-0.19311080873012543
0.02599511668086052
0.07239437103271484
-0.15631629526615143
0.035058554261922836
0.0577537976205349
-0.007591512054204941
-0.03314439207315445
-0.05594783276319504
0.2894354462623596
0.11159653216600418
-0.13542267680168152
-0.1720825880765915
0.11833405494689941
-0.09381259977817535
-0.09979802370071411
0.10805518925189972
-0.1428370624780655
-0.1344611942768097
-0.2830478250980377
-0.006733611226081848
0.33442267775535583
0.07499520480632782
-0.24306781589984894
-0.0039870040491223335
-0.06458228826522827
-0.03252384439110756
0.0826256200671196
0.13060441613197327
-0.07706432044506073
-0.05551309883594513
-0.09201376140117645
-0.05945303291082382
0.13678334653377533
0.01242365688085556
-0.08423968404531479
0.18638180196285248
-0.001770809292793274
0.030735595151782036
0.029421217739582062
0.02433583326637745
-0.07494176924228668
0.042749807238578796
-0.1925715059041977
-0.10015822947025299
0.03928867354989052
-0.008691655471920967
-0.011436434462666512
0.13781560957431793
-0.14346814155578613
0.07485349476337433
-0.006721971556544304
0.05414244160056114
0.03936010226607323
0.02369915321469307
-0.066426582634449
-0.028775231912732124
0.06855248659849167
-0.2392062097787857
0.224197655916214
0.13110734522342682
0.10122215002775192
0.046653877943754196
0.10646656900644302
0.06676432490348816
0.01543703768402338
-0.000654369592666626
-0.18024075031280518
-0.0011277010198682547
0.11384327709674835
-0.04454324394464493
0.1287890374660492
0.01852627657353878
