-0.1389697641134262
0.08165782690048218
-0.021766118705272675
-0.08210543543100357
-0.06724987924098969
-0.05277353525161743
-0.009001467376947403
-0.14935006201267242
0.24151884019374847
-0.048348475247621536
0.24438545107841492
-0.11938278377056122
-0.20776459574699402
-0.08221264183521271
-0.010217192582786083
0.23759885132312775
-0.24601301550865173
-0.08946172893047333
-0.04055975750088692
0.004914732649922371
0.08167774975299835
-0.007371285930275917
0.06213262677192688
0.11454780399799347
-0.10676045715808868
-0.37019622325897217
-0.14252522587776184
-0.15671992301940918
0.012511955574154854
-0.02163783088326454
-0.04024285823106766
0.05953725054860115
-0.20623500645160675
-0.1094132736325264
0.06075586751103401
0.07168001681566238
-0.02431267313659191
-0.1356869637966156
0.1327773779630661
-0.044905927032232285
-0.23353508114814758
-0.01469632051885128
0.1228039413690567
0.19204454123973846
0.13761229813098907
0.05557066202163696
0.001660643145442009
-0.17652611434459686
0.11346537619829178
-0.15517738461494446
-0.007472790777683258
0.11975309252738953
-0.001899652648717165
0.04893413931131363
0.004217458888888359
-0.12548142671585083
0.07930633425712585
0.10822317004203796
-0.2481069564819336
-0.061433494091033936
0.12341334670782089
-0.004595893435180187
-0.07859215885400772
-0.09531961381435394
0.235935240983963
0.1734718531370163
-0.11971229314804077
-0.19779843091964722
0.11132046580314636
-0.13926459848880768
-0.03426915034651756
0.05896413326263428
-0.18566864728927612
-0.21695667505264282
-0.29105356335639954
-0.029446521773934364
0.4266151487827301
0.05181486904621124
-0.11044561862945557
0.06355155259370804
-0.09592235088348389
-0.007981587201356888
0.08497998863458633
0.13033674657344818
-0.0018489938229322433
0.0006900560110807419
-0.07794643938541412
-0.001186644658446312
0.1966918259859085
-0.08811092376708984
0.040433477610349655
0.21628819406032562
-0.030177172273397446
0.012912780046463013
-0.015469294972717762
0.0480937622487545
-0.10543447732925415
0.05390438064932823
-0.13306798040866852
-0.02599630504846573
0.027563557028770447
0.015122470445930958
-0.017275772988796234
0.08930990099906921
-0.2071683704853058
0.08562110364437103
0.056814417243003845
-0.025548409670591354
0.03697805851697922
-0.037579718977212906
-0.08141887187957764
-0.08184091746807098
0.11513728648424149
-0.23666498064994812
0.19071801006793976
0.14661096036434174
0.05865080654621124
0.13225124776363373
0.041350480169057846
0.12153960764408112
-0.048274025321006775
-0.009689191356301308
-0.2362058162689209
0.01195815671235323
0.13457249104976654
-0.021244151517748833
0.023129325360059738
-0.04438309371471405
