-0.12996016442775726
0.12026763707399368
0.013361024670302868
-0.10723453760147095
-0.07208964973688126
-0.03150483965873718
-0.015842262655496597
-0.14884144067764282
0.24811647832393646
-0.09821098297834396
0.21074087917804718
-0.07565394043922424
-0.22539345920085907
-0.04157209023833275
-0.018282722681760788
0.24503874778747559
-0.2223188281059265
-0.12394527345895767
-0.03425608202815056
0.03734714165329933
0.034413404762744904
-0.0077430251985788345
0.049545325338840485
0.08976716548204422
-0.0909820944070816
-0.3540669083595276
-0.13755488395690918
-0.11719880253076553
0.034678440541028976
-0.07535440474748611
-0.06495047360658646
0.01987822726368904
-0.1949729323387146
-0.06950162351131439
0.057478152215480804
0.05537950247526169
-0.02685343474149704
-0.13168269395828247
0.13946977257728577
0.012768864631652832
-0.27731746435165405
-0.03736244514584541
0.07680525630712509
0.23825101554393768
0.21168671548366547
0.021300069987773895
-0.02180558629333973
-0.18893681466579437
0.1594506800174713
-0.1307145208120346
-0.011555306613445282
0.10180304944515228
0.03628658130764961
0.06788215786218643
-0.010319320484995842
-0.1450134962797165
0.0835905522108078
0.10953150689601898
-0.24117399752140045
-0.07187198847532272
0.11868767440319061
-0.04628404974937439
-0.03591405227780342
-0.08527597784996033
0.20028972625732422
0.08530908823013306
-0.10324820876121521
-0.1900162547826767
0.1485844850540161
-0.1472320705652237
0.015209097415208817
0.04490716755390167
-0.18866246938705444
-0.23268774151802063
-0.2521984577178955
-0.04576228931546211
0.3621406853199005
0.1593712717294693
-0.11315883696079254
0.0791519433259964
-0.08900413662195206
-0.004569240380078554
0.05562504380941391
0.17419950664043427
0.012294657528400421
0.04560081288218498
-0.04823180288076401
-0.012500538490712643
0.18397711217403412
-0.09964815527200699
0.05220794677734375
0.22616955637931824
-0.04494787007570267
0.011176832020282745
-0.016975436359643936
-0.007606081198900938
-0.14415885508060455
0.05099046230316162
-0.1564088612794876
-0.08978673070669174
-0.059395868331193924
0.007375555578619242
0.02959420345723629
0.11454379558563232
-0.2262727916240692
0.1456901878118515
0.06903958320617676
0.004303839057683945
0.014411898329854012
-0.015785621479153633
-0.0190740916877985
-0.11067689210176468
0.10888463258743286
-0.21071141958236694
0.17541508376598358
0.18433718383312225
0.07555670291185379
0.1368381530046463
0.043929941952228546
0.11501000076532364
-0.034000348299741745
0.0005293944850564003
-0.19267764687538147
0.035911113023757935
0.11413420736789703
-0.026917092502117157
0.06811294704675674
-0.039268650114536285
