-0.0499039888381958
0.06967431306838989
-0.02241963893175125
-0.10008959472179413
-0.08403756469488144
-0.036896154284477234
-0.010714670643210411
-0.11544102430343628
0.17939652502536774
-0.05395536124706268
0.3196372091770172
-0.05565406009554863
-0.16253562271595
-0.0844641700387001
-0.04003075510263443
0.10790816694498062
-0.22351643443107605
-0.06794480979442596
0.002253178507089615
0.00785576831549406
0.08629363030195236
-0.03642801195383072
0.0055473968386650085
0.06744197010993958
-0.09506403654813766
-0.3106904625892639
-0.09629353135824203
-0.13134562969207764
0.08173982799053192
-0.12104486674070358
-0.024000510573387146
0.045716676861047745
-0.2371300309896469
-0.108529232442379
0.017815113067626953
0.05354493111371994
-0.08689246326684952
-0.08444207161664963
0.18882876634597778
-0.01672004722058773
-0.19532877206802368
0.020716886967420578
0.01416277140378952
0.2609095275402069
0.1555800586938858
0.035452455282211304
-0.006961878389120102
-0.12985368072986603
0.1275167018175125
-0.1512717455625534
0.028598105534911156
0.14775118231773376
0.11418388783931732
0.05913359671831131
-0.07505349069833755
-0.13561302423477173
0.05321396887302399
0.12373112142086029
-0.23009003698825836
0.02948782779276371
0.11039305478334427
-0.054185353219509125
0.013932183384895325
-0.04273390769958496
0.22414392232894897
0.07612048089504242
-0.13049016892910004
-0.1459079384803772
0.1010541096329689
-0.11702849715948105
-0.030982892960309982
0.0882730707526207
-0.16360408067703247
-0.2573895752429962
-0.23260058462619781
0.042252007871866226
0.3997684419155121
0.09159722924232483
-0.14584775269031525
-0.004578069318085909
-0.11795268952846527
-0.039129212498664856
0.12401212006807327
0.11838381737470627
0.008250821381807327
-0.011931843124330044
-0.08613810688257217
0.037261962890625
0.22135218977928162
-0.08806464076042175
-0.038014478981494904
0.20743146538734436
-0.04361915588378906
0.05892593413591385
-0.02461254969239235
0.0342080220580101
-0.07985512912273407
0.10782264918088913
-0.10607773810625076
0.02377558872103691
-0.012329529970884323
-0.045299991965293884
-0.02319471351802349
0.13566820323467255
-0.1725684553384781
0.14307670295238495
0.05015237256884575
0.0027394182980060577
0.011523563414812088
-0.06647194176912308
-0.07836432754993439
-0.08332252502441406
0.12464839220046997
-0.26841655373573303
0.26163992285728455
0.18427196145057678
0.1314927190542221
0.13847579061985016
0.06894896179437637
0.0192934051156044
0.0285267923027277
-0.06985647231340408
-0.2469787895679474
0.01965840719640255
0.08593863993883133
-0.017112230882048607
0.07314931601285934
-0.059545185416936874
