-0.06242285668849945
0.04729597270488739
-0.004380830563604832
-0.12992653250694275
-0.12046965956687927
-0.08029928058385849
-0.06321945041418076
-0.14701072871685028
0.13539116084575653
-0.14092302322387695
0.24495558440685272
-0.11841680109500885
-0.1781124472618103
-0.06989584863185883
-0.04447142779827118
0.22262391448020935
-0.2542041838169098
-0.1045437604188919
-0.018559064716100693
-0.03508863225579262
0.039071887731552124
-0.023760316893458366
0.036447346210479736
0.06998619437217712
-0.05394776910543442
-0.3380628228187561
-0.12216772139072418
-0.11671309173107147
0.0212582815438509
-0.029159797355532646
0.029280833899974823
0.04420330002903938
-0.1856808066368103
-0.05159514397382736
0.0626620352268219
0.06175660341978073
-0.03838363662362099
-0.09526078402996063
0.19370077550411224
-0.03211069107055664
-0.19232876598834991
0.0024471981450915337
0.07395303249359131
0.22759783267974854
0.1427391767501831
0.0383603498339653
0.03343363106250763
-0.18828730285167694
0.1529165804386139
-0.13116297125816345
-0.0008160099387168884
0.08805576711893082
0.05127885192632675
0.0026241280138492584
0.006302152760326862
-0.132979154586792
0.05660286918282509
0.16905681788921356
-0.21817028522491455
0.029946457594633102
0.13307823240756989
-0.06501562893390656
-0.04334673285484314
-0.1348019540309906
0.301271915435791
0.09033725410699844
-0.1774826943874359
-0.17375341057777405
0.13199885189533234
-0.12493062019348145
-0.020162813365459442
0.04812374711036682
-0.13438351452350616
-0.198965921998024
-0.25786763429641724
-0.041246142238378525
0.3384705185890198
0.08130034804344177
-0.14525778591632843
0.03128399699926376
-0.04894221946597099
-0.008866099640727043
0.13261842727661133
0.193653404712677
0.013868100941181183
0.013270406983792782
-0.05759624391794205
-0.010215907357633114
0.181975856423378
-0.10833075642585754
0.014884917065501213
0.23810142278671265
-0.07462090998888016
0.06904444098472595
-0.037380483001470566
-0.015724727883934975
-0.14245325326919556
0.06639961153268814
-0.11822722852230072
0.015326639637351036
-0.029919559136033058
-0.028539596125483513
0.008221978321671486
0.06357605755329132
-0.10855104774236679
0.08552586287260056
-0.03185991942882538
0.03112126886844635
-0.028159625828266144
-0.06385558843612671
-0.0848238542675972
-0.08180297166109085
0.14582346379756927
-0.24354392290115356
0.19122964143753052
0.15232689678668976
0.07444807142019272
0.14279305934906006
0.12157929688692093
0.08467932045459747
-0.01262570172548294
-0.047835417091846466
-0.25749123096466064
0.056674081832170486
0.08942891657352448
-0.05462607741355896
0.09353133291006088
-0.03700120374560356
