-0.09875217825174332
0.032325733453035355
0.050278715789318085
-0.09936122596263885
-0.10499220341444016
-0.0671209767460823
-0.05215205252170563
-0.09917143732309341
0.13821712136268616
-0.10292541980743408
0.2637176811695099
-0.04925743117928505
-0.19227063655853271
-0.1573694944381714
0.007919172756373882
0.2518867254257202
-0.19083519279956818
-0.14083021879196167
-0.04654208570718765
-0.028089798986911774
0.04242471233010292
-0.05680551007390022
0.012162549421191216
0.0962003618478775
-0.16801536083221436
-0.368522047996521
-0.08391795307397842
-0.061553359031677246
-0.11621315032243729
-0.0127186831086874
-0.011716202832758427
0.15728889405727386
-0.22448812425136566
-0.05239810049533844
0.0847221240401268
0.1338513195514679
-0.0050482377409935
-0.034422747790813446
0.15021845698356628
0.03427693247795105
-0.22382332384586334
0.04096170514822006
0.07702358067035675
0.2328571081161499
0.1907370686531067
0.060067325830459595
0.04377715662121773
-0.13172630965709686
0.18671421706676483
-0.16666279733181
0.04366407170891762
0.12366525083780289
0.06976604461669922
0.03205222263932228
0.03181810677051544
-0.17200767993927002
0.059363823384046555
0.16153854131698608
-0.1970015913248062
-0.03299906477332115
0.04074099659919739
-0.10120067745447159
-0.07258926331996918
-0.1644761562347412
0.2548752725124359
0.13950559496879578
-0.1597212255001068
-0.1890149861574173
0.14266112446784973
-0.06313416361808777
-0.0534653477370739
0.0675259381532669
-0.21210628747940063
-0.18821969628334045
-0.3525919020175934
0.022841185331344604
0.3803369700908661
0.1055980995297432
-0.20733650028705597
0.021394189447164536
-0.04339078068733215
0.033819664269685745
0.08489727228879929
0.17190426588058472
0.005084246397018433
0.014069527387619019
-0.035683780908584595
-0.004911786876618862
0.1648242026567459
-0.015913940966129303
-0.029182318598031998
0.23873566091060638
-0.0433465801179409
0.08964233100414276
-0.030136659741401672
-0.051479000598192215
-0.08896776288747787
0.07740834355354309
-0.13326753675937653
-0.021192114800214767
-0.028992053121328354
-0.013705998659133911
0.02612542361021042
0.0743584930896759
-0.17426346242427826
0.09482570737600327
-0.013437015935778618
0.08892273157835007
-0.021092833951115608
0.02143203094601631
-0.11104213446378708
-0.05541957542300224
0.06848698109388351
-0.3036747872829437
0.21961067616939545
0.17291563749313354
0.06270855665206909
0.12345290184020996
0.13213172554969788
0.08884480595588684
-0.026145096868276596
-0.03391486033797264
-0.21638837456703186
0.042380835860967636
0.15304438769817352
-0.05208549275994301
0.11655722558498383
-0.0005695694126188755
