-0.06610936671495438
0.06480712443590164
0.018244123086333275
-0.04312639683485031
-0.11927002668380737
-0.022430431097745895
-0.06357623636722565
-0.11815673857927322
0.18304596841335297
-0.06134888529777527
0.2540695369243622
-0.004745719954371452
-0.19001995027065277
-0.08058930188417435
-0.024189844727516174
0.18898944556713104
-0.12147637456655502
-0.15887457132339478
0.031180161982774734
0.020502222701907158
0.02102327160537243
-0.009862038306891918
-0.013605478219687939
0.05496502295136452
-0.04437346011400223
-0.354096382856369
-0.08442595601081848
-0.10774526000022888
-0.0038499152287840843
-0.06448359787464142
-0.02063044346868992
0.10144118219614029
-0.10434594005346298
-0.03780966252088547
0.06995616853237152
0.09108796715736389
-0.06782716512680054
0.02090785652399063
0.14948223531246185
-0.012387523427605629
-0.2764253616333008
0.03321937099099159
0.04873929172754288
0.26476532220840454
0.17615863680839539
0.10510361939668655
0.022348977625370026
-0.1312008500099182
0.054302897304296494
-0.20082667469978333
0.07963601499795914
0.08555372059345245
0.08873943239450455
0.031041305512189865
-0.020217563956975937
-0.18296760320663452
-0.01443377323448658
0.07329868525266647
-0.25038084387779236
0.06615917384624481
0.09966941177845001
-0.13212239742279053
-0.03888201341032982
-0.04365144670009613
0.2960033416748047
0.1546473205089569
-0.16396859288215637
-0.14725029468536377
0.14621186256408691
-0.1690407693386078
-0.09920208156108856
0.08096037060022354
-0.11729080229997635
-0.20606869459152222
-0.28819015622138977
0.027351584285497665
0.44492101669311523
0.08977074921131134
-0.15916091203689575
0.009235706180334091
-0.018064895644783974
0.0050012231804430485
0.07634607702493668
0.15169893205165863
-0.023370904847979546
-0.04770825803279877
-0.09393422305583954
-0.05670032650232315
0.1919412463903427
-0.04325581714510918
-0.04251878708600998
0.1971077024936676
-0.039570100605487823
0.12175890058279037
-0.019291970878839493
0.11540774255990982
-0.03308314085006714
0.04297618195414543
-0.14425921440124512
-0.08353138715028763
-0.027611341327428818
-0.006984466686844826
0.040822237730026245
0.11328773200511932
-0.1439746469259262
0.1690852791070938
0.00860404223203659
0.05539853498339653
0.025341734290122986
0.055458031594753265
-0.025293715298175812
-0.07082714140415192
0.1286536455154419
-0.25353625416755676
0.2530765235424042
0.15336796641349792
0.14692801237106323
0.13478174805641174
0.08423683047294617
0.041317205876111984
0.012555060908198357
-0.1175994798541069
-0.22866946458816528
0.010620679706335068
0.04795953631401062
-0.05141555145382881
0.09479939192533493
0.06679229438304901
