-0.057998452335596085
0.1446864902973175
0.054164621978998184
-0.028154365718364716
-0.022544292733073235
-0.04091460257768631
-0.14387522637844086
-0.09163913875818253
0.19160784780979156
-0.05549563094973564
0.2505001127719879
0.028837086632847786
-0.19287660717964172
-0.112784244120121
0.0008887005969882011
0.1758560687303543
-0.2724390923976898
-0.12310346215963364
-0.0010996060445904732
-0.04472533240914345
0.06463649868965149
0.028447378426790237
0.05556344985961914
0.018566075712442398
-0.1427585780620575
-0.4071744978427887
-0.09680774807929993
-0.11528364568948746
0.03443482890725136
-0.07882771641016006
-0.05258306860923767
0.04102345183491707
-0.17196300625801086
-0.01622723788022995
0.05066763609647751
0.07002674043178558
0.014473791234195232
-0.04432209953665733
0.2508080005645752
0.04867523908615112
-0.1874576210975647
0.03282783925533295
-0.010213726200163364
0.24341177940368652
0.2136927843093872
0.041638463735580444
0.04808555915951729
-0.14208003878593445
0.13151349127292633
-0.1064993143081665
0.07495073974132538
0.23047760128974915
0.07420165091753006
0.05964793637394905
0.02688552811741829
-0.1463540941476822
-0.027972228825092316
0.06310143321752548
-0.10894404351711273
-0.00581256952136755
0.05005313456058502
-0.07240574806928635
-0.01567561738193035
-0.0627380758523941
0.19327783584594727
0.05727507919073105
-0.10399708896875381
-0.15931656956672668
0.11577349901199341
-0.10260669142007828
-0.10209818184375763
0.02568674646317959
-0.1829550862312317
-0.1746957004070282
-0.3315470516681671
-0.006737427785992622
0.3560906648635864
0.05962744727730751
-0.2556525468826294
0.045231904834508896
-0.04162372648715973
-0.08009179681539536
0.11790286004543304
0.18250863254070282
-0.05720655247569084
0.040492184460163116
-0.07085905224084854
0.032646775245666504
0.2358226478099823
-0.03266151249408722
-0.04261530190706253
0.1999090313911438
-0.03550935536623001
0.1464979201555252
0.03179033473134041
0.02000346966087818
-0.045750975608825684
0.016849178820848465
-0.13182781636714935
-0.0329754464328289
0.04573379456996918
-0.015851594507694244
-0.044505491852760315
0.12614715099334717
-0.16660819947719574
0.08463358134031296
0.057382889091968536
0.005521979182958603
0.004248265642672777
0.055510517209768295
-0.11756006628274918
-0.11110901832580566
0.17379698157310486
-0.20324639976024628
0.24229609966278076
0.21473495662212372
0.03592248260974884
0.1323261857032776
0.0985497236251831
0.10999944806098938
-0.05015237629413605
-0.03143281862139702
-0.185485377907753
-0.014148019254207611
0.0498492605984211
0.04131552577018738
0.07647604495286942
-0.00032451655715703964
