-0.06319193542003632
0.17421846091747284
0.051365695893764496
-0.0272304005920887
0.004833514802157879
-0.02242542803287506
-0.1292634755373001
-0.08720649033784866
0.18798939883708954
-0.06460891664028168
0.3132299482822418
-0.016841020435094833
-0.17934563755989075
-0.13735871016979218
0.04319535195827484
0.18469806015491486
-0.2478797882795334
-0.1373780369758606
-0.02752060443162918
-0.05520179122686386
0.024075765162706375
-0.01368686743080616
0.08539362251758575
0.021310213953256607
-0.14891059696674347
-0.4099033772945404
-0.10562150925397873
-0.14070001244544983
0.060883983969688416
-0.07391773909330368
-0.06733955442905426
0.019540593028068542
-0.16886399686336517
-0.03369583562016487
0.06773699074983597
0.09143736958503723
-0.06490311026573181
-0.04636674374341965
0.23890464007854462
-0.008747667074203491
-0.16894875466823578
0.043500397354364395
0.014597030356526375
0.25686025619506836
0.22632016241550446
0.09699595719575882
0.06587966531515121
-0.09680317342281342
0.1309168040752411
-0.1329834759235382
0.10389308631420135
0.1962307244539261
0.12768574059009552
0.07375235855579376
0.061721496284008026
-0.14495982229709625
-0.034381262958049774
0.09483377635478973
-0.08503763377666473
0.005922792945057154
0.03899839520454407
-0.06994329392910004
-0.0013586245477199554
-0.056590013206005096
0.2719120979309082
0.09245114028453827
-0.12879519164562225
-0.13937392830848694
0.14236152172088623
-0.06671928614377975
-0.09619762003421783
0.04514995217323303
-0.18441174924373627
-0.17929008603096008
-0.30588671565055847
0.025430291891098022
0.36142972111701965
0.0488952174782753
-0.21284261345863342
0.052349790930747986
-0.023662684485316277
-0.051567018032073975
0.03382799029350281
0.16990986466407776
-0.10374152660369873
0.015882626175880432
-0.09788484871387482
-0.0030775032937526703
0.25945010781288147
-0.07266907393932343
-0.05075667053461075
0.16351082921028137
-0.07403948903083801
0.12656795978546143
0.012887701392173767
-0.010901840403676033
-0.06868801265954971
0.002086177933961153
-0.1350882649421692
-0.06880270689725876
0.043873973190784454
-0.02366902492940426
-0.07815202325582504
0.10786407440900803
-0.183889701962471
0.10342391580343246
0.027265653014183044
0.015475635416805744
-0.013112682849168777
0.06918160617351532
-0.09285640716552734
-0.07275649905204773
0.15222983062267303
-0.23741251230239868
0.2609478831291199
0.20865420997142792
0.07434733957052231
0.142190620303154
0.1283809393644333
0.08083490282297134
-0.005714399740099907
-0.003708704374730587
-0.19328296184539795
-0.062226876616477966
0.06327227503061295
0.04992251843214035
0.09067194163799286
0.026105646044015884
