-0.04987210035324097
0.1596594899892807
0.0659957006573677
-0.049153197556734085
-0.028193408623337746
-0.004799845162779093
-0.1250278353691101
-0.09337656199932098
0.14921505749225616
-0.10849042981863022
0.27414241433143616
0.00017932523041963577
-0.1653538942337036
-0.13028180599212646
0.013507440686225891
0.1503569334745407
-0.2517591118812561
-0.13354253768920898
-0.011651575565338135
-0.037665922194719315
0.03198355436325073
0.019769681617617607
0.023640770465135574
-0.0023700562305748463
-0.0860075056552887
-0.3744673430919647
-0.07258017361164093
-0.09457327425479889
0.04608990624547005
-0.07974923402070999
-0.07725188881158829
0.005897337570786476
-0.145582914352417
-0.045586712658405304
0.06820973753929138
0.11436748504638672
-0.022537175565958023
-0.06223687902092934
0.2219775915145874
-0.015050350688397884
-0.1517215073108673
0.04020678624510765
-0.003972981125116348
0.26284295320510864
0.22380021214485168
0.04953433945775032
-0.025842538103461266
-0.12184131145477295
0.1713489145040512
-0.1685360223054886
0.08619542419910431
0.1811653971672058
0.1195545345544815
0.08668909966945648
0.040033549070358276
-0.1686091125011444
-0.02595912292599678
0.09569437056779861
-0.11407455056905746
-0.02874116040766239
-0.018548350781202316
-0.07662854343652725
0.02961558662354946
-0.09235472232103348
0.2358417510986328
0.08504652976989746
-0.13895636796951294
-0.12058673799037933
0.09108329564332962
-0.05708256736397743
-0.07408889383077621
0.02799592912197113
-0.16098427772521973
-0.17454443871974945
-0.26491791009902954
0.02964469976723194
0.34358617663383484
0.10045939683914185
-0.2640312910079956
-0.009824151173233986
-0.038843341171741486
-0.07356073707342148
0.09482885152101517
0.16002437472343445
-0.05319295451045036
0.01683530956506729
-0.0671522244811058
0.0177173875272274
0.2097618728876114
-0.06057616323232651
-0.081545889377594
0.19213613867759705
-0.07116001844406128
0.1575821042060852
0.02774953655898571
0.012615382671356201
-0.05992633104324341
0.03671547770500183
-0.1714658886194229
-0.05781581997871399
0.06126655638217926
-0.03564392775297165
-0.0445917509496212
0.143064484000206
-0.1678272932767868
0.10387147963047028
0.04243999347090721
0.03023350052535534
0.020045507699251175
-0.0038341872859746218
-0.0816318541765213
-0.053448017686605453
0.17656570672988892
-0.22972971200942993
0.2591748833656311
0.1989632397890091
0.049649450927972794
0.18059787154197693
0.11687438189983368
0.04400976374745369
-0.005295836366713047
-0.06924671679735184
-0.1834428459405899
-0.0301386509090662
0.0664978176355362
0.06058157607913017
0.10042265057563782
0.0028330893255770206
