-0.12153305113315582
0.11607291549444199
0.0034872847609221935
-0.09759242832660675
-0.03904057294130325
-0.13078941404819489
-0.03248179331421852
-0.1568162739276886
0.11381998658180237
-0.09022684395313263
0.3476118743419647
-0.11072339862585068
-0.20234337449073792
-0.15984104573726654
-0.003871433436870575
0.1969110667705536
-0.24948567152023315
-0.14905045926570892
-0.06815173476934433
-0.0011271834373474121
0.05955208092927933
-0.0952279195189476
0.06303747743368149
0.10944265127182007
-0.027521412819623947
-0.33817949891090393
-0.10357701033353806
-0.09671823680400848
0.022470623254776
-0.023262107744812965
0.00421854667365551
0.04421141371130943
-0.22376975417137146
-0.10145028680562973
0.02474793791770935
0.06730227172374725
-0.04633541405200958
-0.03641049563884735
0.23000596463680267
-0.02248755283653736
-0.17064380645751953
-0.01030456367880106
0.012669682502746582
0.259502112865448
0.1686767339706421
0.08610118180513382
0.0192946195602417
-0.11560484021902084
0.0797794759273529
-0.16729220747947693
0.057163774967193604
0.16237565875053406
0.1336604803800583
0.03565290942788124
-0.032778315246105194
-0.1583677977323532
0.04097364470362663
0.10737345367670059
-0.18852365016937256
0.008094970136880875
0.08283309638500214
-0.09261660277843475
-0.06288298964500427
-0.10470543056726456
0.31216856837272644
0.12763558328151703
-0.1827453374862671
-0.12788647413253784
0.19349443912506104
-0.04456987604498863
-0.04891839250922203
0.06711423397064209
-0.19812415540218353
-0.18853029608726501
-0.2873251736164093
0.019196178764104843
0.39367470145225525
0.031266406178474426
-0.1915377974510193
-0.03987478092312813
-0.09094150364398956
-0.0015644608065485954
0.060762323439121246
0.16154147684574127
-0.03253832459449768
-0.027369655668735504
-0.1040840595960617
0.013327866792678833
0.11723794043064117
-0.08077922463417053
-0.086696095764637
0.2095206379890442
-0.041601039469242096
0.09242996573448181
-0.003602803684771061
0.019295616075396538
-0.017276063561439514
0.06065412610769272
-0.1379714459180832
0.03439267352223396
0.010224256664514542
-0.022399377077817917
-0.05860677361488342
0.07750257104635239
-0.06629110127687454
0.056478749960660934
0.035507682710886
0.056491244584321976
-0.0387546643614769
-0.00070349988527596
-0.09581012278795242
-0.12159817665815353
0.08257501572370529
-0.2415335327386856
0.24720926582813263
0.20625916123390198
0.07774476706981659
0.10619722306728363
0.08938821405172348
0.08284105360507965
0.028325363993644714
-0.05121895670890808
-0.232702374458313
-0.0006985232466831803
0.10037596523761749
0.01937294192612171
0.08346552401781082
0.012175371870398521
