-0.0581270195543766
0.06028929725289345
0.03573092445731163
-0.07881943136453629
-0.025672631338238716
-0.054710738360881805
-0.09921398013830185
-0.13877835869789124
0.14925642311573029
-0.0720742717385292
0.22533422708511353
-0.02676771767437458
-0.1700248420238495
-0.11027324944734573
-0.025061558932065964
0.15520597994327545
-0.13895246386528015
-0.07691729068756104
-0.051983002573251724
-0.06453025341033936
-0.0402597039937973
-0.009703433141112328
0.0573260672390461
0.09145768731832504
-0.03436168655753136
-0.3185522258281708
-0.10433264821767807
-0.12028670310974121
-0.005367361940443516
-0.026278043165802956
-0.08141878247261047
0.09022419899702072
-0.16135255992412567
-0.11256305873394012
0.0626545175909996
0.08752927929162979
0.02496682107448578
-0.004183352459222078
0.1464787870645523
-0.01491507887840271
-0.10990609228610992
0.05582869425415993
0.054130904376506805
0.23992842435836792
0.16611596941947937
0.10796155035495758
0.04423367977142334
-0.10021348297595978
0.1015729084610939
-0.1686697155237198
0.03820979222655296
0.08921542018651962
0.08639422059059143
0.02857830747961998
0.007512632757425308
-0.1601097285747528
0.00926999095827341
0.07280685752630234
-0.1261194795370102
0.018044862896203995
0.024578196927905083
-0.0432126447558403
-0.0754699632525444
-0.031159020960330963
0.3019268214702606
0.14818385243415833
-0.12899623811244965
-0.15674246847629547
0.11970721185207367
-0.09219834208488464
-0.07122399657964706
0.022837024182081223
-0.16900759935379028
-0.11892051249742508
-0.2560984194278717
0.08047133684158325
0.37384602427482605
0.07937027513980865
-0.2020585536956787
0.0463482141494751
-0.1195199266076088
0.0042430199682712555
0.046989213675260544
0.0752805843949318
-0.05147809907793999
-0.0076376814395189285
-0.04585797339677811
-0.01383375097066164
0.18398651480674744
-0.05438590049743652
-0.03620164096355438
0.158397376537323
-0.022107720375061035
0.11184943467378616
-0.014231067150831223
0.023787571117281914
-0.07169009745121002
0.05291513353586197
-0.1836579591035843
-0.027362387627363205
0.08221070468425751
0.04728343337774277
0.029226595535874367
0.10576064139604568
-0.20176802575588226
0.09032382816076279
-0.0038373414427042007
-0.03844420984387398
0.054804183542728424
0.07124942541122437
-0.08608271926641464
-0.08935543149709702
0.13390929996967316
-0.23964910209178925
0.2273387908935547
0.19618363678455353
0.10421182960271835
0.12223043292760849
0.09451363980770111
0.05880841240286827
0.0495830662548542
0.009392857551574707
-0.14225034415721893
-0.06030426546931267
0.12633465230464935
-0.0008850842714309692
0.04106445610523224
0.013661129400134087
