-0.1367284059524536
0.09036678075790405
-0.0023077591322362423
-0.08251269161701202
-0.04510713741183281
-0.07486258447170258
-0.03753063082695007
-0.19083741307258606
0.09671793133020401
-0.1085396558046341
0.22318267822265625
-0.09179521352052689
-0.21838290989398956
-0.16981227695941925
-0.06753544509410858
0.163255512714386
-0.17967665195465088
-0.16033406555652618
-0.03639299049973488
-0.021920399740338326
0.09179732203483582
-0.03231124207377434
0.02769131399691105
0.046845003962516785
-0.058963995426893234
-0.33529913425445557
-0.11561539769172668
-0.05193134397268295
0.03666844591498375
0.0048918030224740505
-0.017284130677580833
0.021451758220791817
-0.22394680976867676
-0.044754624366760254
0.03564809262752533
0.08182915300130844
0.03099348023533821
-0.07996181398630142
0.1886155754327774
-0.01616033725440502
-0.180654838681221
0.012765543535351753
0.04765424132347107
0.2323627471923828
0.1885477900505066
0.0378902368247509
0.015731817111372948
-0.1600186824798584
0.14795859158039093
-0.10599745810031891
0.05572006478905678
0.13828511536121368
0.14774680137634277
-0.02519853413105011
-0.00622797105461359
-0.09910675138235092
0.02696768194437027
0.1618632972240448
-0.20370550453662872
0.006710886023938656
0.09138862788677216
-0.08528295904397964
-0.09307919442653656
-0.12831294536590576
0.20032943785190582
0.12290027737617493
-0.1263716071844101
-0.18524235486984253
0.23086294531822205
-0.15537068247795105
-0.059892136603593826
0.009180744178593159
-0.14689405262470245
-0.15939763188362122
-0.29612666368484497
0.0036209095269441605
0.346486359834671
0.13515186309814453
-0.19531576335430145
0.03779541328549385
-0.01906338520348072
0.045324474573135376
0.14752258360385895
0.1655045449733734
-0.05730351805686951
-0.001309364102780819
-0.07229679822921753
-0.026208121329545975
0.1943156123161316
-0.008894682861864567
-0.08342459052801132
0.1986716240644455
-0.01719391718506813
0.06168203055858612
0.023373013362288475
-0.05669969692826271
-0.036280907690525055
0.029894351959228516
-0.13364531099796295
0.016238361597061157
-0.016566578298807144
-0.038819655776023865
-0.0026007043197751045
0.12474984675645828
-0.10098046809434891
0.07053668051958084
-0.0073283580131828785
0.04577307403087616
0.0020326171070337296
-0.04292328655719757
-0.06599944829940796
-0.0656597688794136
0.0745084211230278
-0.21303965151309967
0.1970503032207489
0.15048012137413025
0.07739601284265518
0.1172998696565628
0.12005365639925003
0.09833598881959915
0.048143960535526276
-0.027680369094014168
-0.23933672904968262
-0.03657089173793793
0.11360601335763931
-0.054918188601732254
0.1297396719455719
-0.0006341389380395412
