-0.13996750116348267
0.10407377034425735
0.10421028733253479
-0.04296067729592323
-0.0772349089384079
-0.10422377288341522
-0.10523828864097595
-0.13578373193740845
0.12690521776676178
-0.13925285637378693
0.2738393247127533
-0.03458969667553902
-0.1416325569152832
-0.11233103275299072
-0.0349574014544487
0.1468956023454666
-0.1356213390827179
-0.04249101132154465
-0.07479584962129593
-0.08260337263345718
0.025408132001757622
-0.03772490471601486
0.053210094571113586
-0.003062925999984145
-0.05498083308339119
-0.3727749288082123
-0.1147880032658577
-0.060961414128541946
0.03293405845761299
-0.05311151593923569
-0.05922945588827133
0.02954656444489956
-0.17982016503810883
-0.10173296183347702
0.006977642886340618
0.03166467323899269
-0.057591214776039124
-0.009731389582157135
0.17634259164333344
-0.049859970808029175
-0.10974740982055664
0.006522228475660086
0.05660738795995712
0.21698324382305145
0.17235304415225983
0.16130821406841278
0.02125038392841816
-0.1087728887796402
0.10308665782213211
-0.15464457869529724
0.04589302837848663
0.12250657379627228
0.05429217591881752
0.050710279494524
0.039973389357328415
-0.1517058163881302
0.06134062632918358
0.07882436364889145
-0.15625090897083282
0.047108955681324005
0.062398411333560944
-0.10959389805793762
-0.08907213062047958
-0.003311542794108391
0.2956993877887726
0.15019938349723816
-0.08945924788713455
-0.12679976224899292
0.16988268494606018
-0.10094191133975983
-0.007603063713759184
-0.001157721970230341
-0.13608461618423462
-0.18482232093811035
-0.25132983922958374
0.031323421746492386
0.3453370928764343
0.163367360830307
-0.16613546013832092
0.0012683086097240448
-0.09983848035335541
-0.005415278486907482
0.11956297606229782
0.06573363393545151
-0.10200334340333939
-0.038806602358818054
-0.07338076084852219
0.00810848455876112
0.16398735344409943
-0.027679890394210815
-0.04332444444298744
0.2318054735660553
0.011806449852883816
0.07830224931240082
-0.025695182383060455
-0.04365963116288185
-0.12443745136260986
0.024954132735729218
-0.15037837624549866
-0.0502510704100132
0.12037961930036545
-0.01883821189403534
0.0308583565056324
0.11598284542560577
-0.18434388935565948
0.1161864623427391
-0.017754390835762024
0.04036199301481247
0.02517850510776043
0.013715040870010853
-0.10340933501720428
-0.07333604246377945
0.100152388215065
-0.17366182804107666
0.24730417132377625
0.21149888634681702
0.10838606208562851
0.1639285534620285
0.15939436852931976
0.04047137126326561
0.04952166602015495
-0.02503555454313755
-0.15772488713264465
-0.029335463419556618
0.0743769034743309
-0.024770382791757584
0.1041792556643486
0.04538380727171898
