-0.12568584084510803
0.1180061548948288
-0.03076248988509178
-0.05836610868573189
-0.023390116170048714
-0.10906612873077393
-0.014360987581312656
-0.13281694054603577
0.14422838389873505
-0.05897678807377815
0.28887230157852173
-0.10931019484996796
-0.1649579256772995
-0.1910170465707779
0.020454205572605133
0.1626048982143402
-0.24025402963161469
-0.09865912795066833
-0.0011062873527407646
-0.04596870392560959
0.12064093351364136
0.027103539556264877
0.00616631843149662
0.12917886674404144
-0.1059473380446434
-0.35518786311149597
-0.07334759831428528
-0.16616606712341309
0.05354917794466019
-0.0369485542178154
-0.02129678800702095
0.06100951507687569
-0.22631797194480896
-0.103628009557724
0.05873532593250275
0.03877029940485954
0.014741659164428711
-0.0008763931691646576
0.19948358833789825
0.031649161130189896
-0.14916059374809265
0.0020868268329650164
0.023847967386245728
0.2919772267341614
0.14179597795009613
0.035306766629219055
0.04596233367919922
-0.10433774441480637
0.11343119293451309
-0.09753715991973877
-0.01709413155913353
0.14635170996189117
0.14509353041648865
0.006149338558316231
-0.003911824896931648
-0.1384202241897583
-0.024906422942876816
0.08935367316007614
-0.19246555864810944
0.054128244519233704
0.08945250511169434
-0.10689432173967361
-0.04818161576986313
-0.08644029498100281
0.2839876413345337
0.021845534443855286
-0.1285470426082611
-0.15004496276378632
0.1438584327697754
-0.08911311626434326
-0.04845355823636055
0.08309493213891983
-0.16197878122329712
-0.17608234286308289
-0.2604628801345825
0.03952313959598541
0.34307390451431274
0.04922021925449371
-0.19424115121364594
0.043963976204395294
-0.11766340583562851
0.0023887120187282562
0.12575827538967133
0.13477689027786255
0.03510484844446182
-0.0029864152893424034
-0.055174410343170166
0.02208980917930603
0.18419848382472992
-0.07498923689126968
-0.0144481360912323
0.19694742560386658
-0.06726380437612534
0.076253741979599
-0.033676762133836746
-0.08837641775608063
-0.06886647641658783
0.06380796432495117
-0.04403601586818695
0.03263349086046219
-0.028818123042583466
-0.04322003573179245
0.012794006615877151
0.07786161452531815
-0.16348803043365479
0.05019407719373703
0.03000796027481556
0.007813209667801857
-0.02825535461306572
0.01207838486880064
-0.10637827217578888
-0.08104955404996872
0.0920279324054718
-0.2690236568450928
0.27908262610435486
0.1691325157880783
0.06323806941509247
0.13888975977897644
0.02856256812810898
0.05554509907960892
0.002980260644108057
-0.025013860315084457
-0.19748350977897644
0.0012202364159747958
0.13654084503650665
-0.03313974663615227
0.07694977521896362
-0.07504855841398239
