-0.09171471744775772
0.01807699352502823
0.058473989367485046
-0.04390783980488777
-0.06938619166612625
-0.07039282470941544
-0.04159776121377945
-0.1339225322008133
0.10528772324323654
-0.14204247295856476
0.2919832766056061
-0.07615256309509277
-0.1987624615430832
-0.08508043736219406
-0.025874853134155273
0.20213881134986877
-0.21941670775413513
-0.07042989134788513
-0.059145309031009674
-0.01981089636683464
0.08100980520248413
-0.017570970579981804
0.07176968455314636
0.07892286032438278
-0.0719933733344078
-0.38421955704689026
-0.14323024451732635
-0.07466740906238556
0.0013704560697078705
-0.041766390204429626
-0.029659613966941833
0.04453078284859657
-0.19631442427635193
-0.029828520491719246
0.021086782217025757
0.06360733509063721
-0.05060292407870293
-0.1106063649058342
0.20113609731197357
-0.02803172916173935
-0.19887404143810272
0.09088184684515
0.00406957883387804
0.21352162957191467
0.15358248353004456
0.07471483945846558
0.014224153943359852
-0.14939196407794952
0.10333463549613953
-0.16387027502059937
0.04405859857797623
0.11234824359416962
0.07008747011423111
-0.010377836413681507
-0.02328524738550186
-0.13348430395126343
0.03992973640561104
0.08849585056304932
-0.20478597283363342
-0.009719404391944408
0.07177229970693588
-0.13733604550361633
-0.048909857869148254
-0.1061258316040039
0.20115184783935547
0.1449379324913025
-0.1409182846546173
-0.19311915338039398
0.13958542048931122
-0.14588892459869385
-0.03999505564570427
0.03364008665084839
-0.17574062943458557
-0.2137158364057541
-0.32793521881103516
0.03464681655168533
0.41321080923080444
0.1004953682422638
-0.1733023077249527
0.03317778557538986
-0.026830486953258514
0.020908767357468605
0.11632154881954193
0.20559781789779663
-0.03641645610332489
-0.012700924649834633
-0.08993842452764511
0.05212220549583435
0.13522350788116455
-0.07355394214391708
-0.0898929238319397
0.23189809918403625
-0.03039107285439968
0.102387435734272
0.015286322683095932
-0.012792583554983139
-0.06714887917041779
0.05886516347527504
-0.11554872244596481
0.05458560585975647
0.03890038654208183
0.0007710205391049385
-0.0036675226874649525
0.10017569363117218
-0.10375915467739105
0.11542490124702454
-0.04924726113677025
-0.008266473188996315
0.032214876264333725
-0.011263299733400345
-0.15138691663742065
-0.06548339128494263
0.08848898112773895
-0.26964300870895386
0.1966899037361145
0.19926714897155762
0.09573493152856827
0.14902766048908234
0.12820151448249817
0.09837228059768677
-0.0017647817730903625
0.007104227319359779
-0.2988990247249603
0.009122168645262718
0.13533878326416016
-0.006977471522986889
0.11874587088823318
-0.005511004012078047
