-0.14344660937786102
0.06952144205570221
0.003259552177041769
-0.1533639281988144
-0.10744963586330414
0.0069497814401984215
-0.08134309202432632
-0.15292863547801971
0.15732860565185547
-0.148912250995636
0.20937812328338623
-0.10270226001739502
-0.17824606597423553
-0.07100933790206909
-0.05607239156961441
0.18485987186431885
-0.14063318073749542
-0.1475355178117752
0.05173034220933914
-0.01701204665005207
0.04556458815932274
-0.008995713666081429
-0.02070777490735054
0.09004946053028107
-0.12663523852825165
-0.35226011276245117
-0.11290217936038971
-0.018341943621635437
-0.07129954546689987
-0.0341949500143528
-0.013652940280735493
0.1158825010061264
-0.19387684762477875
0.008031634613871574
0.0377168245613575
0.14843304455280304
-0.009203825145959854
-0.05964871868491173
0.13243384659290314
-0.013743018731474876
-0.26064956188201904
0.00852182600647211
0.12467387318611145
0.23662717640399933
0.13601280748844147
0.0033287103287875652
-0.01930663175880909
-0.17236173152923584
0.08574722707271576
-0.1271262913942337
0.052187129855155945
0.14701184630393982
0.03927807882428169
-0.0020253658294677734
-0.00476455595344305
-0.14255255460739136
0.03536112606525421
0.11981451511383057
-0.1697334200143814
-0.019552189856767654
0.07231215387582779
-0.06623218208551407
-0.04960886389017105
-0.1289166361093521
0.19592036306858063
0.17227867245674133
-0.10027305036783218
-0.22737707197666168
0.1818535476922989
-0.1296958327293396
-0.05299585685133934
0.0775696188211441
-0.14540652930736542
-0.23791611194610596
-0.25747567415237427
0.021487971767783165
0.29309749603271484
0.13636186718940735
-0.15250541269779205
0.07431266456842422
-0.004703220911324024
-0.015065651386976242
0.11828769743442535
0.18145844340324402
0.005445992574095726
-0.0048148175701498985
-0.033867575228214264
0.017655059695243835
0.21455304324626923
-0.022217612713575363
-0.006273110397160053
0.2182786911725998
-0.015561947599053383
0.021506087854504585
0.0028817905113101006
0.051285963505506516
-0.101601243019104
0.10033079981803894
-0.17129762470722198
-0.023236960172653198
0.01368411909788847
-0.03570318594574928
0.005333621054887772
0.17348931729793549
-0.22638458013534546
0.13859929144382477
0.009202534332871437
-0.017300017178058624
0.03078674152493477
0.004404859617352486
-0.02254139818251133
-0.07597961276769638
0.11271947622299194
-0.23897060751914978
0.16210295259952545
0.14441409707069397
0.09486725926399231
0.16677068173885345
0.13155029714107513
0.11046785116195679
0.04802907258272171
-0.074076347053051
-0.23156188428401947
0.030685992911458015
0.08076395839452744
-0.07523995637893677
0.04183134809136391
0.023872211575508118
